0 5
0 11
0 17
0 23
0 29
0 44
0 55
1 30
1 31
1 35
1 54
1 62
1 63
1 68
1 77
2 3
2 6
2 15
2 42
2 60
3 6
3 15
3 42
3 50
3 60
4 10
4 30
4 54
4 62
4 66
4 68
4 70
5 11
5 17
5 23
5 29
5 44
5 55
6 11
6 15
6 42
6 60
7 45
8 23
8 27
8 44
8 51
8 53
9 32
9 36
9 37
9 40
9 41
9 43
9 47
9 58
9 64
9 72
9 76
9 78
10 66
10 68
10 70
11 15
11 55
11 60
12 28
12 31
12 35
12 50
12 63
12 77
13 33
13 34
14 21
14 22
14 32
14 41
14 47
14 71
14 73
15 42
15 50
15 60
16 26
16 36
16 40
16 65
16 67
17 23
17 29
17 55
18 19
18 20
18 39
18 61
19 22
19 39
19 73
20 39
20 61
21 22
21 32
21 41
21 47
21 49
21 71
21 72
22 32
22 47
22 71
22 73
22 78
23 27
23 29
23 44
23 53
24 49
25 33
25 74
25 75
26 36
26 40
26 48
26 57
26 65
26 67
27 46
27 48
27 51
27 53
27 57
28 31
28 50
28 63
29 55
30 54
30 62
30 63
30 66
30 68
30 77
31 35
31 63
31 77
32 37
32 41
32 43
32 47
32 64
32 71
32 72
32 76
32 78
33 38
33 67
33 74
35 63
35 77
36 37
36 40
36 43
36 46
36 48
36 52
36 57
36 64
36 65
36 69
36 72
37 40
37 41
37 43
37 47
37 52
37 58
37 64
37 72
37 76
37 78
38 67
38 74
38 75
39 61
40 43
40 46
40 48
40 52
40 64
40 65
40 69
40 72
40 76
41 43
41 47
41 52
41 64
41 71
41 72
41 76
41 78
42 44
42 50
42 60
43 47
43 52
43 58
43 64
43 69
43 71
43 72
43 76
43 78
46 48
46 51
46 53
46 57
47 58
47 64
47 71
47 72
47 76
47 78
48 51
48 53
48 57
51 53
51 57
52 64
52 65
52 69
52 72
52 76
53 57
54 62
54 66
54 68
54 70
55 60
56 59
58 64
58 72
58 78
62 66
62 68
62 77
63 77
64 69
64 72
64 76
64 78
65 69
66 68
66 70
67 75
68 70
69 72
69 76
71 72
71 76
72 76
72 78
74 75
